58 34 15 40 14 3    	7	3	2	6	4	1	0
11 13 5 8 6 1       	7	4	7	6	8	3	1
5 15 4 9 1 2       	8	5	9	7	8	3	2
8 16 4 0 4 3       	8	6	9	7	8	5	3
8 15 5 1 3 1  	   	9	7	9	7	8	5	4
8 16 7 6 4 1 		10	8	10	10	8	7	5
7 13 5 8 6 2 		11	9	10	14	11	7	6
9 11 5 0 6 3 		12	11	10	14	11	9	7
8 14 6 0 6 0 		12	11	10	14	12	9	8
4 10 4 8 4 3 		12	12	13	15	12	11	9
9 12 7 1 3 4 		13	12	13	15	12	11	10
7 14 4 0 2 2 		14	13	15	15	16	13	11
10 11 5 3 5 1 		15	14	15	15	16	13	12
12 15 5 8 1 4 		15	15	16	16	16	14	13


9 12 3 0 3 1 
10 17 6 0 3 3 
11 14 6 11 1 0 
